309264 1
452333 1
496726 1
496726 1
496726 1
498861 1
498958 1
505359 1
505399 1
505399 1
505680 1
575001 1
575002 1
575003 1
575003 1
575007 1
575009 1
575010 1
575010 1
575012 1
575013 1
575014 1
575015 1
575016 1
575018 1
575018 1
575019 1
575020 1
575020 1
575025 1
575026 1
575026 1
575026 1
575026 1
575028 1
575029 1
575029 1
575029 1
575029 1
575030 1
575031 1
575032 1
575033 1
575033 1
575035 1
575036 1
575037 1
575038 1
575039 1
575040 1
575042 1
575043 1
575045 1
575048 1
575052 1
575052 1
575053 1
575054 1
575055 1
575057 1
575058 1
575059 1
575060 1
575067 1
575069 1
575070 1
575073 1
575074 1
575074 1
575074 1
575074 1
575075 1
575076 1
575077 1
575080 1
575082 1
575084 1
575086 1
575087 1
575089 1
575091 1
575095 1
575096 1
575098 1
575099 1
575100 1
575100 1
575102 1
575105 1
575110 1
575110 1
575110 1
575112 1
575114 1
575116 1
575118 1
575120 1
575121 1
575124 1
575125 1
575127 1
575168 1
575168 1
575188 1
575199 1
575202 1
575228 1
575230 1
575234 1
575235 1
575236 1
575242 1
575243 1
575262 1
575263 1
575271 1
575277 1
575281 1
575282 1
575283 1
575288 1
575291 1
575298 1
575300 1
575302 1
575304 1
575305 1
575310 1
575313 1
575315 1
575318 1
575318 1
575318 1
575319 1
575320 1
575322 1
575323 1
575327 1
575330 1
575333 1
575333 1
575336 1
575336 1
575336 1
575341 1
575343 1
575344 1
575347 1
575348 1
575349 1
575350 1
575351 1
575353 1
575361 1
575362 1
575366 1
575369 1
575370 1
575372 1
575373 1
575374 1
575374 1
575375 1
575375 1
575375 1
575375 1
575375 1
575375 1
575375 1
575378 1
575379 1
575379 1
575379 1
575379 1
575384 1
575386 1
575387 1
575387 1
575389 1
575389 1
575391 1
575392 1
575392 1
575392 1
575392 1
575394 1
575397 1
575398 1
575398 1
575398 1
575398 1
575398 1
575399 1
575400 1
575405 1
575409 1
575410 1
575411 1
575416 1
575418 1
575420 1
575422 1
575424 1
575424 1
575424 1
575426 1
575426 1
575429 1
575432 1
575435 1
575438 1
575439 1
575445 1
575445 1
575447 1
575448 1
575449 1
575450 1
575456 1
575458 1
575461 1
575462 1
575465 1
575467 1
575469 1
575470 1
575471 1
575472 1
575473 1
575475 1
575475 1
575476 1
575479 1
575481 1
575481 1
575484 1
575485 1
575486 1
575487 1
575488 1
575489 1
575490 1
575492 1
575493 1
575495 1
575497 1
575499 1
575500 1
575506 1
575510 1
575511 1
575511 1
575511 1
575513 1
575517 1
575520 1
575521 1
575524 1
575525 1
575533 1
575536 1
575538 1
575538 1
575539 1
575540 1
575553 1
575558 1
575565 1
575569 1
575572 1
575576 1
575585 1
575598 1
575600 1
575611 1
575613 1
575626 1
575630 1
575633 1
575635 1
575643 1
575647 1
575653 1
575654 1
575655 1
575657 1
575659 1
575662 1
575664 1
575667 1
575670 1
575673 1
575675 1
575680 1
575681 1
575690 1
575693 1
575704 1
575706 1
575709 1
575710 1
575719 1
575722 1
575722 1
575724 1
575725 1
575726 1
575728 1
575729 1
575735 1
575736 1
575737 1
575738 1
575739 1
575741 1
575742 1
575745 1
575749 1
575749 1
575749 1
575753 1
575754 1
575755 1
575756 1
575758 1
575761 1
575762 1
575763 1
575764 1
575765 1
575765 1
575765 1
575766 1
575769 1
575770 1
575770 1
575771 1
575773 1
575776 1
575778 1
575780 1
575781 1
575782 1
575783 1
575784 1
575784 1
575785 1
575786 1
575791 1
575795 1
575797 1
575811 1
575823 1
575823 1
575825 1
575837 1
575843 1
575847 1
575849 1
575850 1
575851 1
575853 1
575855 1
575860 1
575864 1
575868 1
575870 1
575873 1
575877 1
575878 1
575880 1
575882 1
575884 1
575885 1
575886 1
575889 1
575890 1
575891 1
575891 1
575894 1
575897 1
575899 1
575899 1
575902 1
575905 1
575906 1
575907 1
575908 1
575909 1
575910 1
575915 1
575917 1
575919 1
575921 1
575926 1
575929 1
575934 1
575936 1
575937 1
575937 1
575940 1
575941 1
575944 1
575945 1
575945 1
575948 1
575952 1
575953 1
575954 1
575955 1
575956 1
575958 1
575959 1
575960 1
575962 1
575964 1
575967 1
575968 1
575968 1
575980 1
575982 1
575983 1
575988 1
575990 1
575994 1
575996 1
575999 1
700111 1
700111 1
700111 1
700111 1
700111 1
700111 1
700111 1
